0 1 0 324 32 32 0
1 1 32 324 32 32 0
2 1 64 324 32 32 0
3 1 96 324 32 32 0
4 1 128 324 32 32 0
5 1 160 324 32 32 0
6 1 192 324 32 32 0
7 1 224 324 32 32 0
8 1 256 324 32 32 0
9 1 288 324 32 32 0
10 1 320 324 32 32 0
11 1 352 324 32 32 0
12 1 384 324 32 32 0
13 1 416 324 32 32 0
14 1 448 324 32 32 0
15 1 480 324 32 32 0
16 1 512 324 32 32 0
17 1 544 324 32 32 0
18 1 576 324 32 32 0
19 1 608 324 32 32 0
20 1 640 324 32 32 0
21 1 672 324 32 32 0
22 1 704 324 32 32 0
23 1 736 324 32 32 0
24 1 768 324 32 32 0
25 1 800 324 32 32 0
26 1 832 324 32 32 0
27 1 864 324 32 32 0
28 1 896 324 32 32 0
29 1 928 324 32 32 0
30 1 960 324 32 32 0
31 1 992 324 32 32 0
32 1 1024 324 32 32 0
33 1 1056 324 32 32 0
34 1 1088 324 32 32 0
35 1 1120 324 32 32 0
36 1 1152 324 32 32 0
37 1 1184 324 32 32 0
38 1 1216 324 32 32 0
39 1 1248 324 32 32 0
40 1 1280 324 32 32 0
41 1 1312 324 32 32 0
42 1 1344 324 32 32 0
43 1 1376 324 32 32 0
44 1 1408 324 32 32 0
45 1 1440 324 32 32 0
46 1 1472 324 32 32 0
47 1 1504 324 32 32 0
48 2 160 261 32 64 0
49 2 443 261 32 64 0
50 2 673 264 32 64 0
51 2 943 265 32 64 0
52 2 1201 263 32 64 0
