1 18 1 992 32 32
2 18 32 992 32 32
3 18 64 992 32 32
4 18 96 992 32 32
5 18 126 992 32 32
6 18 158 992 32 32
7 18 187 992 32 32
8 18 219 992 32 32
9 18 251 992 32 32
10 18 282 992 32 32
11 18 312 992 32 32
12 18 343 992 32 32
13 18 375 992 32 32
14 18 407 992 32 32
15 18 439 992 32 32
16 18 470 992 32 32
17 18 502 992 32 32
18 18 534 992 32 32
19 18 565 992 32 32
20 18 596 992 32 32
21 18 628 992 32 32
22 18 660 992 32 32
23 18 691 992 32 32
24 18 723 992 32 32
25 18 755 992 32 32
26 18 785 992 32 32
27 18 817 992 32 32
28 18 847 992 32 32
29 18 879 992 32 32
30 18 907 992 32 32
31 18 938 992 32 32
32 18 969 992 32 32
33 18 1001 992 32 32
34 18 1030 992 32 32
35 18 1059 992 32 32
36 18 1088 992 32 32
37 18 1118 992 32 32
38 18 1150 992 32 32
39 18 1182 992 32 32
40 18 1212 992 32 32
41 18 1243 992 32 32
42 18 1273 992 32 32
43 18 1304 992 32 32
44 18 1336 992 32 32
45 18 1368 992 32 32
46 18 1399 992 32 32
47 18 1429 992 32 32
48 18 1461 992 32 32
49 18 1493 992 32 32
50 18 1524 992 32 32
51 18 1556 992 32 32
52 18 1588 992 32 32
53 18 1620 992 32 32
54 18 1652 992 32 32
55 18 1684 992 32 32
56 18 1715 992 32 32
57 18 1747 992 32 32
58 18 1778 992 32 32
59 18 1809 992 32 32
60 18 1841 992 32 32
61 18 1873 992 32 32
62 18 1905 992 32 32
63 18 1937 992 32 32
64 18 1968 992 32 32
65 18 2000 992 32 32
66 18 2032 992 32 32
67 18 2065 992 32 32
68 18 2091 992 32 32
69 18 2111 992 32 32
70 18 1 633 32 32
71 18 33 633 32 32
72 18 65 633 32 32
73 18 96 633 32 32
74 18 116 675 32 32
75 18 147 675 32 32
76 18 180 675 32 32
77 18 207 675 32 32
78 18 221 776 32 32
79 18 253 776 32 32
80 18 277 776 32 32
81 18 301 776 32 32
82 18 310 805 32 32
83 18 342 805 32 32
84 18 374 805 32 32
85 18 404 805 32 32
86 18 432 818 32 32
87 18 463 818 32 32
88 18 494 818 32 32
89 18 524 818 32 32
90 18 556 818 32 32
91 18 588 818 32 32
92 18 620 818 32 32
93 18 651 818 32 32
94 18 683 818 32 32
95 18 714 818 32 32
96 18 747 818 32 32
97 18 779 818 32 32
98 18 810 818 32 32
99 18 826 818 32 32
100 18 848 818 32 32
101 18 849 747 32 32
102 18 881 747 32 32
103 18 913 747 32 32
104 18 945 747 32 32
105 18 977 747 32 32
106 18 995 747 32 32
107 18 1021 747 32 32
108 18 1049 818 32 32
109 18 1080 818 32 32
110 18 1102 818 32 32
111 18 1128 818 32 32
112 18 1327 835 32 32
113 18 1353 835 32 32
114 18 1373 835 32 32
115 18 1445 959 32 32
116 18 1445 928 32 32
117 18 1445 897 32 32
118 18 1445 836 32 32
119 18 1445 805 32 32
120 18 1445 773 32 32
121 18 1445 743 32 32
122 18 1445 712 32 32
123 18 1445 681 32 32
124 18 1445 650 32 32
125 18 1445 621 32 32
126 18 1445 588 32 32
127 18 1445 556 32 32
128 18 1445 525 32 32
129 18 1445 494 32 32
130 18 1445 463 32 32
131 18 1445 434 32 32
132 18 1445 402 32 32
133 18 1445 371 32 32
134 18 1445 867 32 32
135 18 1481 878 32 32
136 18 1511 878 32 32
137 18 1543 878 32 32
138 18 1574 878 32 32
139 18 1605 878 32 32
140 18 1637 878 32 32
141 18 1667 878 32 32
142 18 1688 878 32 32
143 18 1684 920 32 32
144 18 1716 920 32 32
145 18 1747 920 32 32
146 18 1778 920 32 32
147 18 1800 920 32 32
148 18 1824 920 32 32
149 18 1734 760 32 32
150 18 1766 760 32 32
151 18 2112 734 32 32
152 18 2080 734 32 32
153 18 2052 734 32 32
154 18 2111 631 32 32
155 18 2079 631 32 32
156 18 2054 631 32 32
157 18 2025 631 32 32
158 18 2111 537 32 32
159 18 2081 537 32 32
160 18 2050 537 32 32
161 18 2018 537 32 32
162 18 1993 537 32 32
163 18 1974 537 32 32
164 18 1482 646 32 32
165 18 1512 646 32 32
166 18 1544 646 32 32
167 18 1544 690 32 32
168 18 1576 690 32 32
169 18 1608 690 32 32
170 18 1639 690 32 32
171 18 1664 690 32 32
172 18 1687 690 32 32
173 18 1481 544 32 32
174 18 1506 544 32 32
175 18 1523 474 32 32
176 18 1555 474 32 32
177 18 1585 474 32 32
178 18 1616 474 32 32
179 18 1639 474 32 32
180 18 1665 474 32 32
181 18 1668 545 32 32
182 18 1699 545 32 32
183 18 1729 545 32 32
184 18 1760 545 32 32
185 18 1785 545 32 32
186 18 1811 545 32 32
187 18 1919 401 32 32
188 18 1950 401 32 32
189 18 1980 401 32 32
190 18 2012 401 32 32
191 18 2044 401 32 32
192 18 2076 401 32 32
193 18 2107 401 32 32
194 18 1692 328 32 32
195 18 1723 328 32 32
196 18 1755 328 32 32
197 18 1782 328 32 32
198 18 1813 328 32 32
199 18 1967 184 32 32
200 18 2000 184 32 32
201 18 2033 184 32 32
202 18 2065 184 32 32
203 18 1765 213 32 32
204 18 1796 213 32 32
205 18 1827 213 32 32
206 18 1860 213 32 32
207 18 1893 213 32 32
208 18 1926 213 32 32
209 18 1959 220 32 32
210 18 1992 220 32 32
211 18 1603 98 32 32
212 18 1620 98 32 32
213 18 1305 186 32 32
214 18 1336 186 32 32
215 18 1368 186 32 32
216 18 1399 186 32 32
217 18 1430 186 32 32
218 18 1228 228 32 32
219 18 1260 228 32 32
220 18 1284 228 32 32
221 18 1300 228 32 32
222 18 1161 328 32 32
223 18 1193 328 32 32
224 18 1224 328 32 32
225 18 1256 328 32 32
226 18 1288 328 32 32
227 18 1320 328 32 32
228 18 1352 328 32 32
229 18 1384 328 32 32
230 18 1415 328 32 32
231 18 1446 328 32 32
232 18 1478 328 32 32
233 18 1509 328 32 32
234 18 1419 256 32 32
235 18 1435 256 32 32
236 18 1541 328 32 32
237 18 1573 328 32 32
238 18 1604 328 32 32
239 18 1312 546 32 32
240 18 1343 546 32 32
241 18 1371 546 32 32
242 18 1341 777 32 32
243 18 1373 777 32 32
244 18 1241 736 32 32
245 18 1272 736 32 32
246 18 1303 736 32 32
247 18 1169 675 32 32
248 18 1201 675 32 32
249 18 1233 675 32 32
250 18 1264 675 32 32
251 18 1285 675 32 32
252 18 1048 618 32 32
253 18 1080 618 32 32
254 18 1113 618 32 32
255 18 1145 618 32 32
256 18 1174 618 32 32
257 18 986 690 32 32
258 18 1018 690 32 32
259 18 1 446 32 32
260 18 33 446 32 32
261 18 60 446 32 32
262 18 115 497 32 32
263 18 145 497 32 32
264 18 176 497 32 32
265 18 198 497 32 32
266 18 218 497 32 32
267 18 398 732 32 32
268 18 429 732 32 32
269 18 461 732 32 32
270 18 491 732 32 32
271 18 518 732 32 32
272 18 548 732 32 32
273 18 419 630 32 32
274 18 451 630 32 32
275 18 482 630 32 32
276 18 513 630 32 32
277 18 545 630 32 32
278 18 576 630 32 32
279 18 608 630 32 32
280 18 640 630 32 32
281 18 672 630 32 32
282 18 700 630 32 32
283 18 717 660 32 32
284 18 748 660 32 32
285 18 779 660 32 32
286 18 803 660 32 32
287 18 814 631 32 32
288 18 846 631 32 32
289 18 872 631 32 32
290 18 889 601 32 32
291 18 917 601 32 32
292 18 0 255 32 32
293 18 32 255 32 32
294 18 61 255 32 32
295 18 114 207 32 32
296 18 145 207 32 32
297 18 173 207 32 32
298 18 195 207 32 32
299 18 220 207 32 32
300 18 125 315 32 32
301 18 156 315 32 32
302 18 184 315 32 32
303 18 210 315 32 32
304 18 235 243 32 32
305 18 266 243 32 32
306 18 298 243 32 32
307 18 331 243 32 32
308 18 332 201 32 32
309 18 364 201 32 32
310 18 389 201 32 32
311 18 407 201 32 32
312 18 411 255 32 32
313 18 443 255 32 32
314 18 465 255 32 32
315 18 492 255 32 32
316 18 288 330 32 32
317 18 319 330 32 32
318 18 350 330 32 32
319 18 378 330 32 32
320 18 397 408 32 32
321 18 428 408 32 32
322 18 459 408 32 32
323 18 491 408 32 32
324 18 523 408 32 32
325 18 548 408 32 32
326 18 568 408 32 32
327 18 575 373 32 32
328 18 606 373 32 32
329 18 626 373 32 32
330 18 649 373 32 32
331 18 510 523 32 32
332 18 542 523 32 32
333 18 575 523 32 32
334 18 605 523 32 32
335 18 636 523 32 32
336 18 668 523 32 32
337 18 700 523 32 32
338 18 730 523 32 32
339 18 762 523 32 32
340 18 794 523 32 32
341 18 826 523 32 32
342 18 819 461 32 32
343 18 851 461 32 32
344 18 883 461 32 32
345 18 886 401 32 32
346 18 918 401 32 32
347 18 950 401 32 32
348 18 981 401 32 32
349 18 1011 401 32 32
350 18 1005 430 32 32
351 18 1037 430 32 32
352 18 1069 430 32 32
353 18 1099 430 32 32
354 18 1129 430 32 32
355 18 1054 285 32 32
356 18 1085 285 32 32
357 18 1117 285 32 32
358 18 1142 285 32 32
359 18 1160 285 32 32
360 18 1033 183 32 32
361 18 1063 183 32 32
362 18 1095 183 32 32
363 18 1127 183 32 32
364 18 1159 183 32 32
365 18 871 243 32 32
366 18 903 243 32 32
367 18 935 243 32 32
368 18 967 243 32 32
369 18 993 243 32 32
370 18 1018 243 32 32
371 18 800 280 32 32
372 18 832 280 32 32
373 18 865 280 32 32
374 18 723 300 32 32
375 18 754 300 32 32
376 18 786 300 32 32
377 18 816 300 32 32
378 18 840 300 32 32
379 18 663 328 32 32
380 18 721 191 32 32
381 18 753 191 32 32
382 18 785 191 32 32
383 18 805 191 32 32
384 18 827 191 32 32
385 18 557 278 32 32
386 18 576 278 32 32
387 11 1232 928 32 32
388 11 1248 860 32 32
389 11 1155 890 32 32
390 12 675 927 32 32
391 12 675 964 32 32
392 12 725 927 32 32
393 12 725 964 32 32
394 13 922 909 32 32
395 13 984 909 32 32
396 13 1055 909 32 32
397 14 291 893 99 32
398 14 124 878 188 32
399 14 76 800 152 32
400 14 77 603 144 32
401 14 77 402 132 32
402 14 260 526 265 32
403 14 441 597 174 32
404 14 986 565 145 32
405 14 1700 825 114 32
406 14 1562 613 117 32
407 14 1941 623 200 32
408 14 1821 497 153 32
409 14 1957 354 120 32
410 11 1143 779 32 32
411 11 1230 596 32 32
412 12 1260 545 32 32
413 12 1260 504 32 32
414 11 1300 485 32 32
415 11 1231 455 32 32
416 13 648 451 32 32
417 13 540 451 32 32
418 13 648 555 32 32
419 13 540 555 32 32
420 12 964 603 32 32
421 12 1004 603 32 32
422 11 280 668 32 32
423 11 621 765 32 32
424 11 340 610 32 32
425 11 330 712 32 32
426 11 265 580 32 32
427 11 540 235 32 32
428 11 575 115 32 32
429 11 615 163 32 32
430 11 575 197 32 32
431 11 510 90 32 32
432 11 1370 295 32 32
433 12 1425 227 32 32
434 11 1500 295 32 32
435 11 1538 247 32 32
436 11 1500 205 32 32
437 11 1538 150 32 32
438 11 1490 111 32 32
439 11 1557 84 32 32
440 12 1631 847 32 32
441 12 1631 817 32 32
442 12 1631 787 32 32
443 12 1631 757 32 32
444 12 1631 727 32 32
445 11 1575 845 32 32
446 11 1537 803 32 32
447 11 1876 930 32 32
448 11 1946 890 32 32
449 11 1997 859 32 32
450 11 1925 805 32 32
451 11 2010 770 32 32
452 11 1910 730 32 32
453 11 1866 672 32 32
454 11 1954 655 32 32
455 11 1877 509 32 32
456 11 1843 463 32 32
457 11 1865 340 32 32
458 12 1867 271 32 32
459 11 1715 271 32 32
460 5 325 871 7 16
461 5 727 871 7 16
462 6 1301 942 44 53
463 5 1349 869 7 16
464 3 1084 683 38 50
465 1 1093 590 7 7
466 1 1001 669 7 7
467 1 1016 656 7 7
468 1 1032 671 7 7
469 1 1315 455 7 7
470 1 1245 426 7 7
471 3 252 727 38 50
472 6 145 450 44 53
473 5 221 371 7 16
474 5 22 341 7 16
475 3 22 288 38 50
476 5 86 134 7 16
477 10 334 282 26 52
478 18 695 328 32 32
479 5 751 263 7 16
480 2 837 239 17 16
481 1 759 167 7 7
482 1 818 145 7 7
483 1 848 129 7 7
484 2 1270 198 17 16
485 1 1370 161 7 7
486 1 1393 149 7 7
487 1 1413 161 7 7
488 1 1296 306 7 7
489 1 1319 290 7 7
490 1 1342 307 7 7
491 3 1466 41 38 50
492 2 1633 67 17 16
493 2 1616 42 17 16
494 5 1671 594 7 16
495 1 1829 734 7 7
497 1 1656 954 7 7
498 1 1495 957 7 7
499 1 1511 944 7 7
500 1 1527 957 7 7
501 6 1940 940 44 53
502 1 2067 502 7 7
503 1 2087 489 7 7
504 1 2103 503 7 7
505 2 1989 365 17 16
506 2 2009 342 17 16
507 2 2028 366 17 16
508 2 2010 385 17 16
509 6 701 779 44 53
510 6 1082 141 44 53
511 6 1217 285 44 53
512 6 1830 169 44 53
513 6 13 587 44 53
514 6 919 198 44 53
515 3 1059 240 38 50
516 9 1098 210 48 75
517 9 900 527 48 75
518 9 1200 601 48 75
519 9 901 672 48 75
520 9 1081 743 48 75
521 9 575 742 48 75
522 9 1610 613 48 75
523 9 1723 469 48 75
524 9 1586 397 48 75
525 7 2011 467 41 60
526 7 2068 667 41 60
527 7 1533 810 41 60
528 1 1017 731 7 7
529 1 700 767 7 7
530 1 717 750 7 7
531 1 737 768 7 7
532 4 1549 303 20 33
533 2 1480 268 17 16
534 2 1558 193 17 16
535 1 1511 969 7 7
536 1 2041 953 7 7
537 1 2061 939 7 7
538 1 2078 954 7 7
539 1 1986 163 7 7
540 4 1755 736 20 33
541 4 1788 303 20 33
542 4 1078 406 20 33
543 4 687 304 20 33
544 4 469 708 20 33
544 1 1829 755 7 7
