0 14 1562 613 117 32 0
1 11 280 668 32 32 1
2 11 340 610 32 32 0
3 11 330 712 32 32 0
4 11 265 580 32 32 1
5 11 1370 295 32 32 0
6 12 1425 227 32 32 0
7 5 751 263 7 16 0
8 18 0 1106 2272 32 0
9 5 354 981 7 16 0
10 12 771 1032 42 34 1
11 12 770 1060 42 34 1
12 12 730 1034 42 34 0
13 12 730 1061 42 34 0
14 13 986 1007 33 52 0
15 13 1056 1005 33 52 1
16 13 1119 1004 33 52 0
17 5 1446 973 7 16 0
18 11 1335 943 38 21 0
19 11 1256 861 38 21 1
20 1 2176 1069 7 7 0
21 1 2193 1056 7 7 0
22 1 2210 1071 7 7 0
23 11 1995 1041 38 21 0
24 11 2064 1002 38 21 1
25 11 2146 947 38 21 0
26 11 2115 856 38 21 0
27 17 2144 712 126 15 0
28 17 2032 452 236 15 0
29 17 2174 822 95 15 0
30 17 1869 246 260 15 0
31 17 1302 262 109 15 0
32 17 1382 215 173 15 0
33 17 928 277 187 15 0
34 17 853 327 46 15 0
35 17 356 229 108 15 0
36 17 253 278 134 15 0
37 17 310 373 134 15 0
38 17 615 421 108 15 0
39 17 943 451 165 15 0
40 17 869 517 101 15 0
41 17 1388 614 93 15 0
42 17 1238 758 157 15 0
43 17 1317 821 99 15 0
44 17 1421 868 65 15 0
45 17 1406 934 79 15 0
46 17 239 869 117 15 0
47 17 334 902 145 15 0
48 17 1048 773 7 15 0
49 17 904 837 213 15 0
50 17 1613 533 182 15 0
51 17 1563 614 60 15 0
52 17 1569 724 110 15 0
53 17 1635 774 185 15 0
54 17 1562 980 252 15 0
55 1 2212 564 7 7 0
56 1 2234 548 7 7 0
57 1 2255 566 7 7 0
58 1 2133 185 7 7 0
59 6 1945 193 44 53 0
60 16 446 919 489 8 0
61 16 424 821 191 8 0
62 16 446 710 338 8 0
63 16 127 758 128 8 0
64 16 2 709 145 8 0
65 16 125 558 147 8 0
66 16 3 501 106 8 0
67 16 143 358 126 8 0
68 3 30 326 38 50 0
69 5 27 385 7 16 0
70 16 1 293 106 8 0
71 16 128 237 144 8 0
72 16 442 294 121 8 0
73 16 595 317 52 8 0
74 13 580 617 33 52 1
75 13 691 613 33 52 0
76 13 581 507 33 52 0
77 13 690 505 33 52 1
78 16 426 460 215 8 0
79 16 544 589 369 8 0
80 16 762 743 130 8 0
81 16 868 709 97 8 0
82 16 946 677 68 8 0
83 3 1153 745 38 50 0
84 16 770 222 144 8 0
85 16 707 374 88 8 0
86 16 770 343 141 8 0
87 16 846 316 103 8 0
88 16 1123 324 145 8 0
89 3 1132 264 38 50 0
90 16 1095 214 168 8 0
91 16 1229 373 497 8 0
92 16 1062 486 168 8 0
93 16 1112 693 168 8 0
94 16 1116 916 120 8 0
95 16 1697 117 49 8 0
96 16 1792 373 158 8 0
97 16 1768 614 186 8 0
98 16 1833 853 102 8 0
99 16 1785 1029 183 8 0
100 16 2090 597 182 8 0
101 16 2080 213 111 8 0
102 10 359 319 26 52 0
103 11 558 254 38 21 0
104 11 597 206 38 21 1
105 11 638 165 38 21 0
106 11 595 118 38 21 1
107 11 538 85 38 21 0
108 1 806 191 7 7 0
109 1 855 171 7 7 0
110 1 882 150 7 7 0
111 3 284 812 38 50 0
112 6 729 865 44 53 0
113 5 779 976 7 16 0
114 1 717 859 7 7 0
115 1 737 844 7 7 0
116 1 757 860 7 7 0
117 1 1078 816 7 7 0
118 1 1059 746 7 7 0
119 1 1080 732 7 7 0
120 1 1100 746 7 7 0
121 12 1020 671 42 34 0
122 12 1062 673 42 34 0
123 6 1301 319 44 53 0
124 1 1377 353 7 7 0
125 1 1402 337 7 7 0
126 1 1420 356 7 7 0
127 16 1503 293 49 8 0
128 5 242 427 7 16 0
129 5 99 147 7 16 0
130 2 1569 310 17 16 0
131 2 1658 218 17 16 0
132 11 1606 316 38 21 0
133 11 1666 261 38 21 1
134 11 1600 217 38 21 0
135 11 1648 156 38 21 1
136 11 1595 99 38 21 0
137 4 1906 339 20 33 0
138 11 1794 300 38 21 0
139 11 1992 390 38 21 1
140 12 1997 299 42 34 0
141 11 2009 556 38 21 0
142 11 1939 499 38 21 0
143 5 1787 662 7 16 0
144 1 1910 816 7 7 0
145 1 1910 837 7 7 0
146 4 1863 819 20 33 0
147 11 1625 877 38 21 1
148 11 1675 924 38 21 0
149 12 1740 813 42 34 0
150 12 1741 850 42 34 0
151 12 1740 885 42 34 0
152 12 1740 918 42 34 0
153 12 1739 953 42 34 0
154 11 1312 640 38 21 0
155 11 1392 547 38 21 1
156 11 1298 511 38 21 0
157 1 1411 527 7 7 0
158 1 1314 493 7 7 0
159 12 1335 557 42 34 1
160 12 1335 585 42 34 1
161 1 1164 663 7 7 0
162 11 661 855 38 21 0
163 11 2025 917 38 21 1
164 11 1973 757 38 21 0
165 11 2068 723 38 21 1
166 11 2013 821 38 21 1
167 1 1598 1066 7 7 0
168 1 1615 1055 7 7 0
169 1 1629 1067 7 7 0
170 1 1616 1080 7 7 0
171 9 1164 832 48 75 0
172 9 986 753 48 75 0
173 9 1304 675 48 75 0
174 6 47 657 44 53 0
175 6 166 503 44 53 0
176 2 2143 378 17 16 0
177 2 2171 405 17 16 0
178 2 2145 429 17 16 0
179 2 2116 405 17 16 0
180 6 1155 162 44 53 0
181 2 891 271 17 16 0
182 2 1345 230 17 16 0
183 6 952 225 44 53 0
184 7 1630 910 41 60 0
185 7 2189 751 41 60 0
186 7 2148 525 41 60 0
187 4 1669 339 20 33 0
188 4 736 340 20 33 0
189 4 495 790 20 33 0
190 2 1709 76 17 16 0
191 2 1729 93 17 16 0
192 9 1706 689 48 75 0
193 9 1174 243 48 75 0
194 6 1390 1053 44 53 0
195 6 2056 1052 44 53 0
196 11 1241 963 38 21 1
197 11 1313 1032 38 21 0
198 9 593 832 48 75 0
199 9 1838 529 48 75 0
200 9 1699 446 48 75 0
201 9 938 590 48 75 0
202 4 1131 453 20 33 0
203 14 309 885 10 119 0
