0 0 130
0 1 71 72 130
0 2 68 69 70
0 3 66 67
0 4 64 65 175
0 5
0 6 9
0 7 9
1 0
1 1 37 72
1 2 38 68 129
1 3 5 66 176
1 4 2 64
1 5 47 112 204
1 6 9 204
1 7 9
2 0
2 1 36 37 73 103
2 2 38 79 103
2 3 3
2 4 3 4 63
2 5 47 48 61 62 112
2 6 9 10
2 7 9
3 0 107 108
3 1 73 74 104 105 106
3 2 39 74 79
3 3 75 77 80
3 4 63 75 190
3 5 61 62 190 199
3 6 9
3 7 9
4 0
4 1 8 74 85 106
4 2 39 74 79 86 87 189
4 3 76 78 80
4 4 63 76 81
4 5 61 113 115 116 117 163 199
4 6 9 11 12 13 14 114
4 7 9
5 0 111
5 1 34 85 88 109 110 182 184
5 2 35 40 87 88
5 3 41 80 202
5 4 81 82 83 202
5 5 50 61
5 6 9 11 12
5 7 9
6 0
6 1 34 91 184
6 2 40
6 3 41 93 202
6 4 49 82 83 94 119 120 121 122 123 173 202
6 5 50 95 118 173
6 6 9 15 16 17
6 7 9
7 0
7 1 90 91 181 194
7 2 89 92 203
7 3 93 203
7 4 43 84 94 162
7 5 20 95 172
7 6 9 17 197
7 7 9
8 0
8 1 6 7 32 33 124 183
8 2 6 92 124 125 126 127
8 3 42 156 157 158 159 160 161
8 4 43 94 155 174
8 5 19 20 44 45 46
8 6 9 19 195 198
8 7 9
9 0 137
9 1 7 33 128 131
9 2 92 131
9 3 1 42 52
9 4 1 53
9 5 45 46
9 6 9 18 55 168
9 7 9
10 0 96 136 137 191 192
10 1 132 133 134 135 136
10 2 92 133 188 201
10 3 1 51 52 201
10 4 1 53 54 193
10 5 148 149 150 151 152 153 154 185
10 6 9 55 154 168 169 170 171 185
10 7 9
11 0
11 1 31 139
11 2 97 138 139
11 3 51 98 200
11 4 54 144
11 5 99 145 146 147 150 151 152 153 154
11 6 9 55 100 154
11 7 9
12 0
12 1 31 60 141
12 2 29 97 138 140 141
12 3 98 142 143
12 4 165 166
12 5 99 164 167
12 6 9 24 25 100 196
12 7 9
13 0
13 1 31 59 102
13 2 29 177 178 179 180
13 3 56 57 101 187
13 4 28 166 186
13 5 26 27 30 186
13 6 9 21 22 23 25 26 196
13 7 9
14 0
14 1
14 2 29
14 3 57 58 101
14 4 28
14 5 30
14 6 9
14 7 9
