100 100 10000
101 100 11000
102 100 10001 10002 10003 10002
103 100 11001 11002 11003 11002
104 100 10004
105 100 11004
106 150 10005 10006 10007
107 150 11005 11006 11007
108 150 10017 10020 10021
109 150 11017 11020 11021
110 100 10022 10023 10024
111 100 11022 11023 11024
200 100 20000
201 100 20020
202 100 20010 20011
203 100 20030 20031
300 150 30000 30001
301 150 30002
302 150 31000 31001
303 150 31002
304 150 30010 30011
305 150 30012
306 150 31010 31011
307 150 31012
308 150 30020 30021
309 150 30022
310 150 31020 31021
311 150 31022
400 100 40000
401 100 40010 40011 40012
600 100 60000
601 100 60001