10000 12 2 32 62 0 0 0
10001 74 2 32 62 0 0 0
10002 135 2 32 62 0 0 0
10003 192 2 32 62 0 0 0
10004 252 2 32 62 0 0 0
10005 312 2 48 62 0 0 0
10006 373 2 32 62 0 0 0
10007 421 2 43 62 0 -11 0
11000 916 2 32 62 0 0 0
11001 854 2 32 62 0 0 0
11002 793 2 32 62 0 0 0
11003 736 2 32 62 0 0 0
11004 676 2 32 62 0 0 0
11005 600 2 48 62 0 -16 0
11006 555 2 32 62 0 0 0
11007 496 2 43 62 0 0 0
10010 10 66 32 64 0 0 0
10011 80 66 32 64 0 0 0
10012 130 66 32 64 0 0 0
10013 190 66 24 64 0 0 0
10014 259 66 30 64 0 0 0
10015 322 66 24 64 0 0 0
10016 378 66 32 64 0 0 0
10017 432 66 48 64 0 0 0
11010 918 66 32 64 0 0 0
11011 848 66 32 64 0 0 0
11012 798 66 32 64 0 0 0
11013 746 66 24 64 0 0 0
11014 671 66 30 64 0 0 0
11015 614 66 24 64 0 0 0
11016 550 66 32 64 0 0 0
11017 480 66 48 64 0 -16 0
10020 11 134 32 62 0 0 0
10021 61 134 44 62 0 -12 0
10022 130 134 48 62 0 0 0
10023 190 134 32 62 0 0 0
10024 241 134 41 62 0 0 0
10025 319 134 41 62 0 0 0
10026 379 134 32 62 0 0 0
10027 427 134 44 62 0 0 0
11020 917 134 32 62 0 0 0
11021 855 134 44 62 0 0 0
11022 782 134 48 62 0 0 0
11023 738 134 32 62 0 0 0
11024 678 134 41 62 0 0 0
11025 600 134 41 62 0 0 0
11026 549 134 32 62 0 0 0
11027 489 134 44 62 0 0 0
20000 0 0 32 32 1 0 0
20010 0 0 32 64 4 0 0
20011 32 0 32 64 4 0 0
20020 0 0 32 32 2 0 0
20030 0 0 16 32 3 0 0
20031 16 0 16 32 3 0 0
30000 150 16 15 50 5 45 12
30001 375 10 30 40 5 32 10
30002 532 14 44 17 5 -56 12
31000 1275 16 15 50 5 -29 12
31001 1035 10 30 40 5 -20 10
31002 864 14 44 17 5 43 12
30010 150 82 15 50 5 45 12
30011 375 76 30 40 5 32 10
30012 532 84 44 13 5 -56 17
31010 1275 82 15 50 5 -29 12
31011 1035 76 30 40 5 -20 10
31012 864 84 44 13 5 43 17
30020 150 148 15 50 5 45 12
30021 375 148 30 40 5 32 10
30022 502 154 74 14 5 -86 17
31020 1275 148 15 50 5 -29 12
31021 1035 148 30 40 5 -20 10
31022 864 154 74 14 5 43 17
40000 0 0 16 20 800 -8 -10
40010 18 10 6 26 801 -3 13
40011 58 12 12 24 801 -6 12
40012 98 6 16 30 801 -8 15
50000 0 0 11 18 900 0 0
50001 11 0 11 18 900 0 0
50002 22 0 11 18 900 0 0
50010 0 0 16 16 901 0 0
60000 0 0 32 32 200 0 0
60001 0 0 24 20 201 0 0
1000 0 0 1536 384 1000 0 0