140
0 2040 257 641
1 2040 354 689
2 2040 305 738
3 2040 355 787
4 2040 545 97
5 2040 608 130
6 2040 658 176
7 2040 609 210
8 2040 561 258
9 2040 1297 501
10 2040 1360 544
11 2040 1298 656
12 2040 1218 865
13 2040 1250 979
14 2040 1313 942
15 2040 1301 1029
16 2040 1440 320
17 2040 1649 97
18 2040 1586 131
19 2040 1585 226
20 2040 1632 274
21 2040 1582 321
22 2040 1632 883
23 2040 1662 928
24 2040 1826 306
25 2040 1970 369
26 2040 1952 498
27 2040 1984 545
28 2040 2048 720
29 2040 1986 769
30 2040 2050 817
31 2040 2114 866
32 2040 2065 899
33 2040 2114 946
34 2040 2049 979
35 2040 1985 1023
36 2040 1825 995
37 2040 658 995
38 2042 724 1031
39 2042 773 1031
40 2042 725 1064
41 2042 772 1064
42 2042 116 644
43 2042 1013 663
44 2042 1030 663
45 2042 1715 808
46 2042 1715 841
47 2042 1715 874
48 2042 1715 907
49 2042 1715 940
50 2042 1334 600
51 2042 1335 573
52 2042 1973 299
53 2043 978 1006
54 2043 1040 1006
55 2043 1106 1006
56 2043 578 495
57 2043 689 495
58 2043 578 607
59 2043 689 607
60 1 1438 944
61 1 1773 609
62 1 238 397
63 1 94 125
64 2 1188 779
65 2 291 860
66 2 36 358
67 2 1171 313
68 2 1588 78
69 3 1378 1097
70 3 2101 1097
71 3 764 914
72 3 44 704
73 3 2146 593
74 3 205 554
75 3 1974 240
76 3 1377 368
77 3 993 272
78 3 1189 209
79 4 978 674
80 4 1652 531
81 4 1219 322
82 4 618 914
83 4 1741 771
84 4 1370 754
85 4 1175 914
86 4 951 834
87 4 1849 610
88 5 1620 976
89 5 2180 816
90 6 1897 848
91 6 474 816
92 6 1898 368
93 6 1657 368
94 6 729 368
95 8 11 645
96 8 43 868
97 8 43 929
98 8 75 884
99 8 155 656
100 8 171 547
101 8 171 495
102 8 187 323
103 8 10 323
104 8 75 273
105 8 44 226
106 8 12 177
107 8 43 130
108 8 28 96
109 8 28 1026
110 8 171 979
111 8 203 947
112 8 188 898
113 8 188 868
114 8 300 818
115 8 347 770
116 8 459 722
117 8 347 545
118 8 412 500
119 8 379 372
120 8 379 307
121 8 508 850
122 8 731 811
123 8 763 266
124 8 796 729
125 8 780 30
126 8 811 784
127 8 842 336
128 7 1639 427
129 7 1592 219
130 7 1689 219
131 7 2104 202
132 7 2138 236
133 7 2122 171
134 7 2122 171
135 7 1338 155
136 7 1740 189
137 9 793 699
138 9 1593 442
139 9 1594 442