1 -100 0 34 32 16 
2 -100 32 34 32 16 
3 -100 64 34 32 16 
4 -100 96 34 32 16 
5 -100 128 34 32 16 
6 -100 160 34 32 16 
7 -100 190 34 32 16 
8 -100 221 34 32 16 
9 -100 252 34 32 16 
10 -100 283 34 32 16 
11 -100 315 34 32 16 
12 -100 347 34 32 16 
13 -100 378 34 32 16 
14 -100 410 34 32 16 
15 -100 441 34 32 16 
16 -100 470 34 32 16 
17 -100 500 34 32 16 
18 -100 531 34 32 16 
19 -100 562 34 32 16 
20 -100 593 34 32 16 
21 -100 625 34 32 16 
22 -100 657 34 32 16 
23 -100 688 34 32 16 
24 -100 720 34 32 16 
25 -100 752 34 32 16 
26 -100 784 34 32 16 
27 -100 816 34 32 16 
28 -100 847 34 32 16 
29 -100 877 34 32 16 
30 -100 909 34 32 16 
31 -100 941 34 32 16 
32 -100 973 34 32 16 
33 -100 1004 34 32 16 
34 -100 1036 34 32 16 
35 -100 1066 34 32 16 
36 -100 1097 34 32 16 
37 -100 1129 34 32 16 
38 -100 1160 34 32 16 
39 -100 1191 34 32 16 
40 -100 1222 34 32 16 
41 -100 1254 34 32 16 
42 -100 1286 34 32 16 
43 -100 1318 34 32 16 
44 -100 1350 34 32 16 
45 -100 1382 34 32 16 
46 -100 1414 34 32 16 
47 -100 1446 34 32 16 
48 -100 1476 34 32 16 
49 -100 1508 34 32 16 
50 -100 1540 34 32 16 
51 -100 1572 34 32 16 
52 -100 1604 34 32 16 
53 -100 1636 34 32 16 
54 -100 1668 34 32 16 
55 -100 1700 34 32 16 
56 -100 1730 34 32 16 
57 -100 1762 34 32 16 
58 -100 1794 34 32 16 
59 -100 1826 34 32 16 
60 -100 1858 34 32 16 
61 -100 1890 34 32 16 
62 -100 1922 34 32 16 
63 -100 1954 34 32 16 
64 -100 1986 34 32 16 
65 -100 2018 34 32 16 
66 -100 2050 34 32 16 
67 -100 2080 34 32 16 
68 -100 2112 34 32 16 
5 -100 312 214 32 16 
6 -100 343 214 32 16 
7 -100 373 214 32 16 
8 -100 404 214 32 16 
9 -100 420 202 32 16 
10 -100 451 202 32 16 
11 -100 483 202 32 16 
12 -100 515 202 32 16 
13 -100 546 202 32 16 
14 -100 578 202 32 16 
15 -100 610 202 32 16 
16 -100 642 202 32 16 
17 -100 673 202 32 16 
18 -100 704 202 32 16 
19 -100 736 202 32 16 
20 -100 768 202 32 16 
21 -100 798 202 32 16 
22 -100 818 202 32 16 
23 -100 844 202 32 16 
24 -100 114 820 32 16 
25 -100 144 820 32 16 
26 -100 176 820 32 16 
27 -100 196 820 32 16 
28 -100 217 820 32 16 
29 -100 0 769 32 16 
30 -100 32 769 32 16 
31 -100 60 769 32 16 
32 -100 235 779 32 16 
33 -100 267 779 32 16 
34 -100 298 779 32 16 
35 -100 329 779 32 16 
36 -100 333 820 32 16 
37 -100 364 820 32 16 
38 -100 387 820 32 16 
39 -100 407 820 32 16 
40 -100 409 769 32 16 
41 -100 439 767 32 16 
42 -100 471 767 32 16 
43 -100 490 767 32 16 
44 -100 555 745 32 16 
45 -100 574 745 32 16 
46 -100 289 693 32 16 
47 -100 319 693 32 16 
48 -100 351 693 32 16 
49 -100 377 693 32 16 
50 -100 0 579 32 16 
51 -100 30 579 32 16 
52 -100 61 579 32 16 
53 -100 112 529 32 16 
54 -100 144 529 32 16 
55 -100 172 529 32 16 
56 -100 192 529 32 16 
57 -100 219 529 32 16 
58 -100 397 617 32 16 
59 -100 429 617 32 16 
60 -100 459 617 32 16 
61 -100 490 617 32 16 
62 -100 521 617 32 16 
63 -100 542 617 32 16 
64 -100 571 617 32 16 
65 -100 401 290 32 16 
66 -100 433 290 32 16 
67 -100 463 290 32 16 
68 -100 488 290 32 16 
69 -100 517 290 32 16 
70 -100 546 290 32 16 
71 -100 1 392 32 16 
72 -100 33 392 32 16 
73 -100 64 392 32 16 
74 -100 95 392 32 16 
75 -100 115 351 32 16 
76 -100 147 351 32 16 
77 -100 174 351 32 16 
78 -100 206 351 32 16 
79 -100 420 391 32 16 
80 -100 451 391 32 16 
81 -100 480 391 32 16 
90 -100 130 710 32 16 
91 -100 161 710 32 16 
92 -100 189 710 32 16 
93 -100 210 710 32 16 
94 -100 576 648 32 16 
95 -100 606 648 32 16 
96 -100 629 648 32 16 
97 -100 649 648 32 16 
98 -100 660 695 32 16 
99 -100 686 695 32 16 
100 -100 711 695 32 16 
101 -100 510 500 32 16 
102 -100 541 500 32 16 
103 -100 573 500 32 16 
104 -100 604 500 32 16 
105 -100 635 500 32 16 
106 -100 667 500 32 16 
107 -100 699 500 32 16 
108 -100 730 500 32 16 
109 -100 762 500 32 16 
110 -100 794 500 32 16 
111 -100 826 500 32 16 
104 -100 511 391 32 16 
105 -100 543 391 32 16 
106 -100 575 391 32 16 
107 -100 602 391 32 16 
108 -100 627 391 32 16 
109 -100 652 391 32 16 
110 -100 678 391 32 16 
111 -100 705 391 32 16 
112 -100 715 365 32 16 
113 -100 747 365 32 16 
114 -100 778 365 32 16 
115 -100 803 365 32 16 
116 -100 721 832 32 16 
117 -100 752 832 32 16 
118 -100 772 832 32 16 
119 -100 796 832 32 16 
120 -100 823 832 32 16 
1 -100 1049 204 32 16 
2 -100 1072 204 32 16 
3 -100 1096 204 32 16 
4 -100 1126 204 32 16 
5 -100 849 272 32 16 
6 -100 881 272 32 16 
7 -100 912 272 32 16 
8 -100 944 272 32 16 
9 -100 976 272 32 16 
10 -100 1001 272 32 16 
11 -100 1022 272 32 16 
12 -100 985 329 32 16 
13 -100 1001 329 32 16 
14 -100 1020 329 32 16 
15 -100 809 392 32 16 
16 -100 840 392 32 16 
17 -100 869 392 32 16 
18 -100 888 420 32 16 
19 -100 917 420 32 16 
20 -100 798 746 32 16 
21 -100 829 746 32 16 
22 -100 860 746 32 16 
23 -100 873 778 32 16 
24 -100 904 778 32 16 
25 -100 936 778 32 16 
26 -100 967 778 32 16 
27 -100 999 778 32 16 
28 -100 1022 778 32 16 
29 -100 885 616 32 16 
30 -100 916 616 32 16 
31 -100 947 616 32 16 
32 -100 978 616 32 16 
33 -100 1008 616 32 16 
34 -100 1001 596 32 16 
35 -100 1033 596 32 16 
36 -100 1063 596 32 16 
37 -100 1095 596 32 16 
38 -100 1127 596 32 16 
39 -100 818 557 32 16 
40 -100 848 557 32 16 
41 -100 879 557 32 16 
42 -100 1047 408 32 16 
43 -100 1079 408 32 16 
44 -100 1111 408 32 16 
45 -100 1143 408 32 16 
46 -100 1175 408 32 16 
48 -100 1168 346 32 16 
49 -100 1199 346 32 16 
50 -100 1231 346 32 16 
50 -100 1262 346 32 16 
51 -100 1293 346 32 16 
52 -100 1243 285 32 16 
53 -100 1275 285 32 16 
54 -100 1307 285 32 16 
55 -100 1342 240 32 16 
56 -100 1373 240 32 16 
57 -100 1327 182 32 16 
58 -100 1353 182 32 16 
59 -100 1372 182 32 16 
60 -100 1479 141 32 16 
61 -100 1509 141 32 16 
62 -100 1540 141 32 16 
63 -100 1571 141 32 16 
64 -100 1600 141 32 16 
65 -100 1630 141 32 16 
66 -100 1661 141 32 16 
67 -100 1687 141 32 16 
68 -100 1683 104 32 16 
69 -100 1714 104 32 16 
70 -100 1746 104 32 16 
71 -100 1778 104 32 16 
72 -100 1803 104 32 16 
73 -100 1825 104 32 16 
74 -100 1730 264 32 16 
75 -100 1760 264 32 16 
76 -100 1779 264 32 16 
77 -100 1479 372 32 16 
78 -100 1511 372 32 16 
79 -100 1542 372 32 16 
80 -100 1540 327 32 16 
81 -100 1572 327 32 16 
82 -100 1603 327 32 16 
83 -100 1635 327 32 16 
84 -100 1658 327 32 16 
85 -100 1689 327 32 16 
86 -100 2052 284 32 16 
87 -100 2083 284 32 16 
88 -100 2110 284 32 16 
89 -100 2024 386 32 16 
90 -100 2054 386 32 16 
91 -100 2086 386 32 16 
92 -100 2112 386 32 16 
93 -100 1970 494 32 16 
94 -100 2001 494 32 16 
95 -100 2033 494 32 16 
96 -100 2065 494 32 16 
97 -100 2090 494 32 16 
98 -100 2112 494 32 16 
99 -100 1917 617 32 16 
100 -100 1948 617 32 16 
101 -100 1980 617 32 16 
102 -100 2012 617 32 16 
103 -100 2044 617 32 16 
104 -100 2066 617 32 16 
105 -100 2094 617 32 16 
106 -100 2112 617 32 16 
107 -100 1964 839 32 16 
108 -100 1993 839 32 16 
109 -100 2016 839 32 16 
110 -100 2038 839 32 16 
111 -100 1766 806 32 16 
112 -100 1796 806 32 16 
113 -100 1828 806 32 16 
114 -100 1860 806 32 16 
115 -100 1892 806 32 16 
116 -100 1923 806 32 16 
117 -100 1954 806 32 16 
118 -100 1986 806 32 16 
119 -100 1691 695 32 16 
120 -100 1721 695 32 16 
121 -100 1753 695 32 16 
122 -100 1782 695 32 16 
123 -100 1813 695 32 16 
124 -100 1667 478 32 16 
125 -100 1698 478 32 16 
126 -100 1730 478 32 16 
127 -100 1762 478 32 16 
128 -100 1781 478 32 16 
129 -100 1812 478 32 16 
130 -100 1479 478 32 16 
131 -100 1506 478 32 16 
132 -100 1521 545 32 16 
133 -100 1553 545 32 16 
134 -100 1584 545 32 16 
135 -100 1615 545 32 16 
136 -100 1640 545 32 16 
137 -100 1664 545 32 16 
138 -100 1311 471 32 16 
139 -100 1343 471 32 16 
140 -100 1371 471 32 16 
141 -100 1303 835 32 16 
142 -100 1334 835 32 16 
143 -100 1366 835 32 16 
144 -100 1398 835 32 16 
145 -100 1414 835 32 16 
146 -100 1438 835 32 16 
147 -100 1227 792 32 16 
148 -100 1259 792 32 16 
149 -100 1278 792 32 16 
150 -100 1300 792 32 16 
151 -100 1031 839 32 16 
152 -100 1063 839 32 16 
153 -100 1095 839 32 16 
154 -100 1127 839 32 16 
155 -100 1155 839 32 16 
156 -100 1163 737 32 16 
157 -100 1131 737 32 16 
158 -100 1099 737 32 16 
159 -100 1075 737 32 16 
160 -100 1056 737 32 16 
161 -100 1160 697 32 16 
162 -100 1190 697 32 16 
163 -100 1222 697 32 16 
164 -100 1254 697 32 16 
165 -100 1285 697 32 16 
166 -100 1316 697 32 16 
167 -100 1347 697 32 16 
168 -100 1377 697 32 16 
169 -100 1407 697 32 16 
170 -100 1438 697 32 16 
171 -100 1468 697 32 16 
172 -100 1488 697 32 16 
173 -100 1515 697 32 16 
174 -100 1545 697 32 16 
175 -100 1569 697 32 16 
176 -100 1601 697 32 16 
177 -100 723 724 32 16 
178 -100 753 724 32 16 
179 -100 776 724 32 16 
180 -100 801 724 32 16 
181 -100 825 724 32 16 
1 -100 220 243 32 16 
2 -100 251 243 32 16 
3 -100 281 243 32 16 
4 -100 300 243 32 16 
5 -90 160 704 32 16 
6 -80 462 864 32 32 
7 -70 765 337 32 32 
8 -60 1098 832 32 32 
9 -50 1232 928 32 32
10 -50 1248 864 32 32 
11 -50 1155 890 32 32 